-5.000000000000000000e+02
-5.000000000000000000e+02
-4.260000000000000000e+02
-1.550000000000000000e+02
-1.070000000000000000e+02
-8.500000000000000000e+01
-7.700000000000000000e+01
-8.400000000000000000e+01
-7.800000000000000000e+01
-9.800000000000000000e+01
-9.000000000000000000e+01
-9.700000000000000000e+01
-8.500000000000000000e+01
-9.700000000000000000e+01
-8.500000000000000000e+01
-8.900000000000000000e+01
-7.700000000000000000e+01
-9.300000000000000000e+01
-1.060000000000000000e+02
-8.500000000000000000e+01
-7.600000000000000000e+01
-9.300000000000000000e+01
-9.600000000000000000e+01
-1.270000000000000000e+02
-1.050000000000000000e+02
-7.800000000000000000e+01
-7.400000000000000000e+01
-9.400000000000000000e+01
-9.000000000000000000e+01
-7.600000000000000000e+01
-9.200000000000000000e+01
-6.300000000000000000e+01
-9.300000000000000000e+01
-7.500000000000000000e+01
-8.700000000000000000e+01
-9.300000000000000000e+01
-7.700000000000000000e+01
-8.600000000000000000e+01
-8.700000000000000000e+01
-1.500000000000000000e+02
-9.600000000000000000e+01
-1.080000000000000000e+02
-8.300000000000000000e+01
-8.300000000000000000e+01
-7.000000000000000000e+01
-7.200000000000000000e+01
-8.900000000000000000e+01
-7.600000000000000000e+01
-6.300000000000000000e+01
-9.200000000000000000e+01
-8.000000000000000000e+01
-9.800000000000000000e+01
-1.270000000000000000e+02
-7.100000000000000000e+01
-7.600000000000000000e+01
-7.800000000000000000e+01
-7.800000000000000000e+01
-2.310000000000000000e+02
-8.400000000000000000e+01
-7.900000000000000000e+01
-7.700000000000000000e+01
-8.100000000000000000e+01
-8.200000000000000000e+01
-7.800000000000000000e+01
-8.700000000000000000e+01
-7.800000000000000000e+01
-8.000000000000000000e+01
-8.500000000000000000e+01
-7.100000000000000000e+01
-7.900000000000000000e+01
-7.100000000000000000e+01
-9.700000000000000000e+01
-7.800000000000000000e+01
-7.200000000000000000e+01
-7.800000000000000000e+01
-8.600000000000000000e+01
-7.700000000000000000e+01
-1.170000000000000000e+02
-7.100000000000000000e+01
-7.600000000000000000e+01
-7.500000000000000000e+01
-8.000000000000000000e+01
-9.200000000000000000e+01
-9.300000000000000000e+01
-8.600000000000000000e+01
-8.600000000000000000e+01
-7.700000000000000000e+01
-7.600000000000000000e+01
-7.500000000000000000e+01
-7.600000000000000000e+01
-8.000000000000000000e+01
-7.500000000000000000e+01
-8.300000000000000000e+01
-8.500000000000000000e+01
-8.700000000000000000e+01
-8.500000000000000000e+01
